Mega Man II (2) + instrucciones de juego Nintendo Gameboy classic game boy Noe;15,50 EUR;+ 7,35 EUR de envío;Vendidos  21 nov 2021Artículo vendido;desde Alemania;
Mega Man II 2 para Nintendo GameBoy;13,99 EUR;Envío no especificado;Vendidos  10 nov 2021Artículo vendido;desde Alemania;
Mega Man II (2) Game Boy eur gameboy nintendo;18,90 EUR;+ 9,00 EUR de envío;Vendidos  8 nov 2021Artículo vendido;desde Francia;
Nintendo Gameboy Mega Man II Versión en Caja Muy Raro Vers;351,58 EUR;+ 39,25 EUR de envío estimado;Vendidos  11 oct 2021Artículo vendido;desde Reino Unido;
Nintendo Game Boy Classic juego Mega Man II 2 módulo Noe;14,90 EUR;+ 8,99 EUR de envío;Vendidos  29 sep 2021Artículo vendido;desde Alemania;
Mega Man II (2) Game Boy FAH ;15,00 EUR;Envío internacional gratis;Vendidos  23 sep 2021Artículo vendido;desde Francia;
Mega Man II (Game Boy GB 1991) Solo Cartucho;26,31 EUR;+ 12,90 EUR de envío;Vendidos  22 sep 2021Artículo vendido;desde España;
Nintendo Gameboy Juego-Mega Man II 2;23,16 EUR;+ 17,35 EUR de envío estimado;Vendidos  9 sep 2021Artículo vendido;desde Reino Unido;
